
0 [ 2.40493884  3.09899385 10.02856585 10.        ] 0.17772551338440476
1 [ 2.58949781  2.60808859  9.96219571 10.        ] 0.03597241937175592
2 [ 2.51988035  2.33783568  9.9584187  10.        ] 0.019134800062779275
3 [ 2.48227363  2.1999736   9.95434637 10.        ] 0.009841930053609303
4 [ 2.47285619  2.17028313  9.95402759 10.        ] 0.002149081603869986
5 [ 2.47154712  2.16673606  9.95418814 10.        ] 0.0002612004266449144
6 [ 2.47136114  2.16621629  9.95420774 10.        ] 3.8128919816841026e-05
7 [ 2.471335    2.1661442   9.95421079 10.        ] 5.296890960547415e-06
8 [ 2.4713313   2.16613395  9.9542112  10.        ] 7.530074884615356e-07
9 [ 2.47133078  2.16613251  9.95421126 10.        ] 1.0598736573970034e-07
10 [ 2.4713307   2.1661323   9.95421127 10.        ] 1.4983430153934554e-08
11 [ 2.47133069  2.16613227  9.95421127 10.        ] 2.1141482099222085e-09
12 [ 2.47133069  2.16613227  9.95421127 10.        ] 2.9855542421428527e-10
13 [ 2.47133069  2.16613227  9.95421127 10.        ] 4.2145822958156975e-11
Поиск завершился удачно, ошибка=50.14408281612324
alfa [ 2.47133069  2.16613227  9.95421127 10.        ]
error [50.20656350185045, 50.14921628145274, 50.14476618244635, 50.14422147252865, 50.144089264046265, 50.14408295102001, 50.14408281884695, 50.144082816177615, 50.144082816124325, 50.14408281612326, 50.14408281612324, 50.14408281612324, 50.14408281612324, 50.14408281612324]
