
0 [ 2.04557037  0.41373243 10.15101847 10.        ] 0.08500825961329563
1 [ 2.17771329  0.86562874 10.07335908 10.        ] 0.033134571052932986
2 [ 2.13446033  0.87448972 10.10011092 10.        ] 0.0035883976004173436
3 [ 2.11996064  0.85163473 10.09822913 10.        ] 0.001884273760395184
4 [ 2.13711675  0.87838798 10.10181108 10.        ] 0.00222191819504488
5 [ 2.11647658  0.8461917  10.09760973 10.        ] 0.0026716597071995665
6 [ 2.14110513  0.88453882 10.10268851 10.        ] 0.0031860695446483305
7 [ 2.11151814  0.83837718 10.0966818  10.        ] 0.0038297372961146373
8 [ 2.14673499  0.89317409 10.10396315 10.        ] 0.004554437616811099
9 [ 2.10442567  0.82715412 10.09540811 10.        ] 0.005475911666085035
10 [ 2.15457414  0.90510027 10.10581204 10.        ] 0.00648202678425112
11 [ 2.0943843   0.81118388 10.0937119  10.        ] 0.0077875810086906585
12 [ 2.16521766  0.92108563 10.10846603 10.        ] 0.009147083480912647
13 [ 2.08049504  0.78896362 10.09157143 10.        ] 0.010953013244216688
14 [ 2.17899957  0.94135794 10.11216543 10.        ] 0.012699620066792688
15 [ 2.06221184  0.75954363 10.08912088 10.        ] 0.01507223601576569
16 [ 2.19534676  0.96459139 10.11698219 10.        ] 0.017118103693278583
17 [ 2.04040683  0.72432227 10.08676687 10.        ] 0.01992866715048692
18 [ 2.21195878  0.98689156 10.12244363 10.        ] 0.021970589411763355
19 [ 2.01868661  0.68928024 10.08510946 10.        ] 0.02472137387734269
20 [ 2.22514645  1.00303579 10.12730094 10.        ] 0.026316641211169705
21 [ 2.00246685  0.66335927 10.08444017 10.        ] 0.028283230522978566
22 [ 2.23265853  1.01108231 10.1303352  10.        ] 0.029219736059944747
23 [ 1.99416438  0.65033724 10.08438501 10.        ] 0.03010846620400891
24 [ 2.23568244  1.01388514 10.13160327 10.        ] 0.030580094555587387
25 [ 1.99120924  0.64580444 10.08444616 10.        ] 0.030762347522475395
26 [ 2.23661376  1.01467297 10.13198726 10.        ] 0.031039619663398816
27 [ 1.99037079  0.64453657 10.08447407 10.        ] 0.030949240270603424
28 [ 2.2368629   1.01487708 10.13208798 10.        ] 0.031167105390990105
29 [ 1.99015325  0.6442092  10.08448196 10.        ] 0.03099790859520498
30 [ 2.23692643  1.01492868 10.13211354 10.        ] 0.03119996053031011
31 [ 1.99009823  0.64412651 10.08448401 10.        ] 0.031010229758635252
32 [ 2.23694242  1.01494164 10.13211996 10.        ] 0.03120825528722208
33 [ 1.99008441  0.64410574 10.08448452 10.        ] 0.031013326045085846
34 [ 2.23694643  1.01494489 10.13212157 10.        ] 0.03121033825727212
35 [ 1.99008094  0.64410053 10.08448465 10.        ] 0.031014102675867117
36 [ 2.23694744  1.0149457  10.13212198 10.        ] 0.031210860628262768
37 [ 1.99008007  0.64409923 10.08448468 10.        ] 0.031014297383445064
38 [ 2.23694769  1.01494591 10.13212208 10.        ] 0.031210991584950956
39 [ 1.99007985  0.6440989  10.08448469 10.        ] 0.031014346192416668
40 [ 2.23694775  1.01494596 10.1321221  10.        ] 0.03121102441258804
41 [ 1.9900798   0.64409882 10.0844847  10.        ] 0.031014358427404656
42 [ 2.23694777  1.01494597 10.13212211 10.        ] 0.031211032641497428
43 [ 1.99007979  0.6440988  10.0844847  10.        ] 0.03101436149433722
44 [ 2.23694777  1.01494598 10.13212211 10.        ] 0.03121103470422864
45 [ 1.99007978  0.64409879 10.0844847  10.        ] 0.03101436226312055
46 [ 2.23694777  1.01494598 10.13212211 10.        ] 0.031211035221290248
47 [ 1.99007978  0.64409879 10.0844847  10.        ] 0.031014362455830287
48 [ 2.23694777  1.01494598 10.13212211 10.        ] 0.031211035350901317
49 [ 1.99007978  0.64409879 10.0844847  10.        ] 0.03101436250413667
Поиск завершился удачно, ошибка=49.80279987545748
alfa [ 1.99007978  0.64409879 10.0844847  10.        ]
error [49.87979735948502, 49.828076735324366, 49.8013786307527, 49.801149255339105, 49.801152713685475, 49.801156689014555, 49.801164762060466, 49.80117222966545, 49.801189894491245, 49.80120310116709, 49.80124226741292, 49.8012629560089, 49.80135055107375, 49.8013741806893, 49.80156912950697, 49.801565958088325, 49.8019851872635, 49.80185623850769, 49.80268330086579, 49.80221008760994, 49.803606907772426, 49.80252125696547, 49.80444407579239, 49.8027018963997, 49.80491468153447, 49.80277192788311, 49.80508598820567, 49.8027926080483, 49.80513454351829, 49.80279803610623, 49.805147125729825, 49.80279941328063, 49.80515030662793, 49.802799759534494, 49.80515110568818, 49.80279984639622, 49.80515130609508, 49.802799868173814, 49.80515135633753, 49.802799873633035, 49.80515136893216, 49.80279987500151, 49.80515137208925, 49.80279987534454, 49.80515137288064, 49.80279987543052, 49.80515137307902, 49.80279987545208, 49.80515137312874, 49.80279987545748]
